2030020011370
2030020011374
2030020011578
2030020011396
2030020011975
2030020011997
2030020011521
2030020011725
2030020011778
2030020011738
2030020011534
2030020011312
2030020011505
2030020011518
2030020011717
2030020011967
2030020011977
2030020011411
2030020011682
2030020011532
2030020011652
2030020011304
2030020011692
2030020011904
2030020011961
2030020011661
2030020011665
2030020011440
2030020011540
2030020011482
2030020011401
2030020011504
2030020011649
2030020012010
2030020011632
2030020011996
2030020011555
2030020011817
2030020011849
2030020011593
2030020011326
2030020011928
2030020011628
2030020011709
2030020011579
2030020012016
2030020011821
2030020011835
2030020011864
2030020011359
2030020011334
2030020011905
2030020011459
2030020011512
2030020011859
2030020011670
2030020011331
2030020011484
2030020011796
2030020011407
2030020011550
2030020011453
2030020011559
2030020012032
2030020011418
2030020011383
2030020011585
2030020011780
2030020011372
2030020011828
2030020012056
2030020011813
2030020011365
2030020011513
2030020011965
2030020011976
2030020011388
2030020011323
2030020011356
2030020011755
2030020011698
2030020011325
2030020011763
2030020011756
2030020011779
2030020011777
2030020011420
2030020011315
2030020011570
2030020011730
2030020011702
2030020012038
2030020011358
2030020011768
2030020011460
2030020011394
2030020011752
2030020011392
2030020011344
2030020011619
2030020011646
2030020011898
2030020011530
2030020011303
2030020011862
2030020011680
2030020011343
2030020011487
2030020011718
2030020011354
2030020011781
2030020012014
2030020011321
2030020011621
2030020011576
2030020011804
2030020011866
2030020011925
2030020011657
2030020011391
2030020011995
2030020011671
2030020011633
2030020011316
2030020011309
2030020011310
2030020011895
2030020011629
2030020011922
2030020011456
2030020011313
2030020011611
2030020011517
2030020011328
2030020011803
2030020011625
2030020011994
2030020011650
2030020011529
2030020011544
2030020011405
2030020011746
2030020011605
2030020011622
2030020011562
2030020011357
2030020012025
2030020011465
2030020012048
2030020011850
2030020011938
2030020011694
2030020011734
2030020011810
2030020011805
2030020011366
2030020011876
2030020011535
2030020011681
2030020011704
2030020012043
2030020011933
2030020011833
2030020011537
2030020011747
2030020011886
2030020011592
2030020011464
2030020011386
2030020011543
2030020011480
2030020011991
2030020011754
2030020011314
2030020011801
2030020011927
2030020011492
2030020011589
2030020011533
2030020011447
2030020011604
2030020011913
2030020011857
2030020012012
2030020011658
2030020011916
2030020011409
2030020011957
2030020011740
2030020011470
2030020011958
2030020011812
2030020012019
2030020011968
2030020011415
2030020011299
2030020011624
2030020011775
2030020011985
2030020011506
2030020011753
2030020011422
2030020012040
2030020011298
2030020012013
2030020011320
2030020011472