2020050017821
5010010087061
2020050017799
2020050017794
5010010087083
2020050017788
2020050017777
5010010087091
2020050017809
2020050017803
2020050017782
2020050017830
5010010087087
5010010069282
2020050017825
2020050017785
5010010087090
5010010087124
2020050017816
5010010095043
2020050017806
2020050017783
2020050017808
2020050017831
5010010036229
2020050017786
2020050017784
2020050017781
5010010087074
5010010087052
5010010087054
5010010087077
5010010036241
2020050017815
5010010036237
2020050017818
2020050017798
5010010036247
2020050017827
2020050017778
5010010036249
5010010087078
5010010087070
5010010087055
5010010036258
2020050017837
5010010087075
2020050017780
5010010087089
2020050017811
2020050017810
5010010036261
5010010087082
2020050017832
2020050017790
5010010087128
2020050017834
2020050017795
5010010087059
2020050017793
2020050017819
2020050017822
5010010036245