5010010055170
5010010043046
5010010088469
5010010095637
5010010043003
5010010088574
5010010095522
5010010089975
5010010042674
5010010042952
5010010042863
5010010090002
5010010089900
5010010088550
5010010088565
5010010095809
5010010041685
5010010042827
5010010089897
5010010095900
5010010042616
5010010095838
5010010095521
5010010089683
5010010095859
5010010095461
5010010089895
5010010088650
5010010089915
5010010042762
5010010043075
5010010042868
5010010088528
5010010095813
5010010094480
5010010047035
5010010089657
5010010043004
5010010095520
5010010095827
5010010089742
5010010088481
2030020043288
5010010042683
5010010043093
5010010088617
5010010089635
5010010095865
5010010041598
5010010047249
5010010042926
5010010094495
5010010089998
5010010094767
5010010042857
5010010089654
5010010094737
5010010089756
5010010047332
5010010088337
5010010088540
5010010094426
5010010089653
5010010047353
5010010089649
5010010088648
5010010094770
5010010095728
5010010095788
5010010047016
5010010089744
5010010042658
5010010088613
5010010041605
5010010088581
5010010088381
5010010095663
5010010095598
5010010088647
5010010094391
5010010095539
5010010042951
5010010090132
5010010095561
5010010041690
5010010095857
5010010095879
5010010094463
5010010095753
5010010088456
5010010094412
5010010089925
5010010089633
5010010089920
5010010094465
5010010090074
5010010095876
5010010043090
5010010094757
5010010042615
5010010095826
5010010047106
5010010088493
5010010090038
5010010095590
5010010089983
5010010088394
5010010047054
5010010088429
5010010088557
5010010042869
5010010095555
5010010047142
5010010095592
5010010042652
5010010095503
5010010042939
5010010042813
5010010095851