5010010067863
5010010068163
5010010062427
5010010068516
5010010056672
5010010066039
5010010054114
5010010068380
5010010067417
5010010055969
5010010045151
5010010062935
5010010058060
5010010061193
5010010064985
5010010068655
5010010065410
5010010051093
5010010052073
5010010065350
5010010065326
5010010068097
5010010045408
5010010067087
5010010068477
5010010051369
5010010051322
5010010064172
5010010066999
5010010065958
5010010068545
5010010048765
5010010042162
5010010068265
5010010071940
5010010059806
5010010061698
5010010064802
5010010054783
5010010064966
5010010063352
5010010050945
5010010068443
5010010067316
5010010060032
5010010065442
5010010066051
5010010065902
5010010068302
5010010064996
5010010062844
5010010059632
5010010055322
5010010053856
5010010052700
5010010053470
5010010082277
5010010068490
5010010053514
5010010082352
5010010061712
5010010063994
5010010055134
5010010050341
5010010066142
5010010054733
5010010064356
5010010066963
5010010082304
5010010056947
5010010065648
5010010051930
5010010056412
5010010062198
5010010056958
5010010063557
5010010061610
5010010052919
5010010064588
5010010059343
5010010052109
5010010053607
5010010064251
5010010052576
5010010067209
5010010063364
5010010065948
5010010068260
5010010062401
5010010065738
5010010067896
5010010064777
5010010063930
5010010068166
5010010072096
5010010072000
5010010065168
5010010067248
5010010054106
5010010055819
5010010060343
5010010048140
5010010048416
5010010047767
5010010057290
5010010047846
5010010051296
5010010064090
5010010066916
5010010058319
5010010062604
5010010055703
5010010061145
5010010049548
5010010044353
5010010071946
5010010063060
5010010082306
5010010044504
5010010059991
5010010066871
5010010064076
5010010065877
5010010039279
5010010048304
5010010052805
5010010061458
5010010066405
5010010064019
5010010068341
5010010066975
5010010051834
5010010064703
5010010066923
5010010064591
5010010065233
5010010059133
5010010064383
5010010065776
5010010062688
5010010071935
5010010052257
5010010063650
5010010067109
5010010068542
5010010064080
5010010060160
5010010059490
5010010053587
5010010065146
5010010064881
5010010067874
5010010051936
5010010068433
5010010066397
5010010054308
5010010051597
5010010055226
5010010052251
5010010066503
5010010056383
5010010071199
5010010067569
5010010063526
5010010059209
5010010056728
5010010071954
5010010072056
5010010051482
5010010082307
5010010064778
5010010044761
5010010068308
5010010065633
5010010064923
5010010057392
5010010065109
5010010067939
5010010065093
5010010065561
5010010050603
5010010068240
5010010056091
5010010065730
5010010067299
5010010063645
5010010082790
5010010063019
5010010064358
5010010067262
5010010052410
5010010065979
5010010064887
5010010064099
5010010059413
5010010054233
5010010068619
5010010052878
5010010065273
5010010068639
5010010060821
5010010060882
5010010065709
5010010065917
5010010062594
5010010067259
5010010067909
5010010068606
5010010061188
5010010065281
5010010063711
5010010062806
5010010065773
5010010068169
5010010066322
5010010065981
5010010064529
5010010067414
5010010065811
5010010066226
5010010056710
5010010053917
5010010055862
5010010065688
5010010063497
5010010051798
5010010063896
5010010067095
5010010059925
5010010068241
5010010064649
5010010056198
5010010063619
5010010050888
5010010055530
5010010047430
5010010068095
5010010082340
5010010067809
5010010071400
5010010067879
5010010064222
5010010055879
5010010043254
5010010068035
5010010065694
5010010053727
5010010068594
5010010066402
5010010052465
5010010065358
5010010064501
5010010055912
5010010067260
5010010067025
5010010063904
5010010059229
5010010072089
5010010059053
5010010051533
5010010071949
5010010061120
5010010043124
5010010062631
5010010067034
5010010051865
5010010045710
5010010066389
5010010082292
5010010049876
5010010067524
5010010063745
5010010051207
5010010065183
5010010068306
5010010068357
5010010063333
5010010061066
5010010062683
5010010053837
5010010067085
5010010064138
5010010065277
5010010063777
5010010055470
5010010072034
5010010067592