5010010067033
5010010068089
5010010037874
5010010067857
5010010051283
2030020027893
5010010063652
5010010071906
5010010051271
5010010066400
5010010052507
2030020027375
5010010065540
5010010055340
2030020028651
5010010066515
5010010046261
5010010043255
5010010054649
5010010071887
5010010064665
5010010058191
5010010068395
2030020028224
5010010057913
5010010056542
5010010064640
5010010063418
5010010042117
2030020029021
5010010059932
5010010057563
5010010067699
5010010059776
5010010057141
5010010063539
5010010048661
5010010064810
5010010060497
5010010045226
5010010038859
5010010038671
5010010056300
5010010067516
2030020028539
5010010062923
5010010052002
5010010055468
5010010044242
5010010050383
2030020027867
2030020027925
5010010065044
5010010038244
5010010060101
5010010063094
5010010066757
5010010060982
5010010056829
5010010056600
2030020027802
5010010053122
5010010063088
5010010054516
5010010063956
5010010056324
2030020028911
5010010065155
5010010066562
5010010060410
5010010051364
5010010050657
5010010044821
5010010056399
5010010045894
5010010037168
5010010035551
5010010052534
5010010054302
5010010056441
5010010060277
5010010065886
5010010055758
5010010070850
5010010066164
5010010049542
2030020028676
5010010072003
5010010057741
5010010057899
5010010066109
5010010047975
5010010053644
2030020027471
5010010068511
5010010054854
5010010051819
5010010095400
5010010066970
5010010060708
5010010061530
5010010051205
5010010038215
5010010035505
5010010068176
5010010064485
5010010041995
5010010039783
5010010048104
5010010056637
5010010065237
5010010062651
5010010045926
5010010057450
5010010051818
5010010055418
5010010053734
5010010063053
5010010067511
5010010050950
5010010071908
5010010060316
5010010060895
5010010068011
5010010058273
2030020028795
5010010064915
5010010065134
5010010060467
5010010067194
2030020029204
5010010059813
5010010047597
5010010037019
5010010034018
5010010064892
5010010065194
5010010063227
2030020027566
5010010065913
5010010057075
2030020028537
5010010066309
5010010047153
5010010052087
5010010068068
5010010045066
5010010064261
5010010051981
5010010063460
5010010068136
5010010039198
5010010066600
5010010051215
5010010067624
2030020028867
5010010045613
5010010060957
5010010061042
5010010056956
5010010065067
5010010052694
5010010051143
5010010067861
5010010044631
5010010054825
5010010064600
2030020028682
5010010052689
5010010062233
5010010066319
5010010053075
5010010062154
5010010053334
5010010065856
5010010063279
5010010045189
5010010067434
5010010062287
5010010060428
5010010056073
2030020028866
5010010050607
5010010061366
5010010038058
5010010058365
5010010059983
5010010065729
5010010066369
5010010063369
5010010059636
5010010067130
5010010052421
5010010068532
5010010065780
5010010055045
5010010060557
5010010058561
5010010049735
5010010067223
5010010043235
2030020028915
5010010052245
5010010040391
5010010063680
5010010066409
5010010034487
5010010061085
5010010061260
5010010060352
5010010038944
2030020028747
5010010042703
5010010057455
5010010063058
5010010042788
5010010068102
5010010039844
5010010066495
5010010066259
5010010039847
5010010054884
5010010064627
5010010055729
5010010042870
5010010063489
5010010058418
5010010065167
5010010050533
5010010063482
5010010054387
5010010057885
2030020028793
5010010062220
5010010064710
5010010058442
5010010059396
5010010068051
5010010050546
5010010053064
5010010062072
5010010054332
5010010068131
5010010059605
5010010051661
5010010037243
5010010053879
5010010039195
5010010059114