5010010061611
5010010054085
5010010066729
5010010038871
5010010059098
5010010054590
5010010077662
5010010067392
5010010067042
5010010036922
5010010050496
5010010057897
5010010056380
5010010052187
5010010065206
5010010064655
5010010066145
5010010067189
5010010058972
5010010061266
5010010058586
5010010059403
5010010034302
5010010067367
5010010064247
5010010067440
5010010065957
5010010066883
5010010054479
5010010059556
5010010053763
5010010048554
5010010064533
5010010071861
5010010052041
5010010063249
5010010048027
5010010068446
5010010063167
5010010065357
5010010065986
5010010059268
5010010064378
5010010047873
5010010036693
5010010043737
5010010039828
5010010047300
5010010059462
5010010066289
5010010061642
5010010064452
5010010061506
5010010047254
5010010059497
5010010068116
5010010063860
5010010037861
5010010050617
5010010061547
5010010050362
5010010046712
5010010065504
5010010059076
5010010061901
5010010064848
5010010036825
5010010056468
5010010064614
5010010056145
5010010064254
5010010059878
5010010062406
5010010056653
5010010036343
5010010064706
5010010061499
5010010056388
5010010054189
5010010077711
5010010055641
5010010050861
5010010043012
5010010065503
5010010060278
5010010061893
5010010063261
5010010068675
5010010060297
5010010053948
5010010067028
5010010039076
5010010053731
5010010060044
5010010066114
5010010037392
5010010056345
5010010061309
5010010062900
5010010077724
5010010067437
5010010066020
5010010068206
5010010054619
5010010048592
5010010064399
5010010066949
5010010064559
5010010052117
5010010064577
5010010067037
5010010065900
5010010067626
5010010039880
5010010039060
5010010065846
5010010036677
5010010062766
5010010060449
5010010068037
5010010058358
5010010038781
5010010058105
5010010071858
5010010058506
5010010054608
5010010060079
5010010046761