5010010047271
2030020028273
2030020028989
2030020029342
2030020029340
2030020028283
2030020029553
2030020029335
2030020029511
2030020028219
2030020028616
2030020028142
2030020029676
2030020029265
2030020029316
2030020029239
2030020028419
2030020029055
2030020029156
2030020029465
9000000003543
2030020029404
2030020028428
2030020028679
2030020028223
9000000003456
2030020029258
2030020028458
2030020028570
2030020029177
2030020029551
2030020029137
2030020028874
2030020029012
2030020028407
2030020028683
2030020028529
2030020029322
2030020029643
2030020028597
2030020028105
2030020029621
2030020028427
2030020028159
2030020029123
5010010042272
2030020028309
2030020029282
2030020028202
2030020029655
2030020028965
2030020028685
2030020028547
2030020028596
2030020028803
2030020028571
2030020029320
5010010041634
2030020028675
2030020028054
2030020028143
2030020027977
5010010043010
2030020028824
2030020028398
2030020028852
2030020029393
2030020028829
2030020029207
9000000003477
2030020028079
2030020029206
2030020029376
2030020028932
2030020028858
2030020029257
2030020029232
2030020029596
2030020029634
2030020028819
2030020028421
2030020028379
2030020029164
2030020029351
2030020028787
2030020028448
2030020029360
2030020028500
9000000003562
2030020029623
2030020027359
2030020029468
2030020029649
2030020028121
2030020029184
2030020028279
2030020028088
5010010047287
2030020029248
2030020028113
2030020029392
2030020028184
2030020028938
2030020029344
2030020029651
2030020029185
2030020028577
2030020029121
2030020029625
9000000003533
2030020029569
2030020028204
2030020028394
5010010047251
2030020028889
2030020029009
2030020028313
2030020029302
2030020029555
2030020029291
9000000003489
2030020029057