2030020027919
2030020027849
2030020027745
2030020027761
2030020027949
2030020027853
2030020027413
2030020027599
2030020027513
2030020028022
2030020027444
2030020027553
2030020027727
2030020027729
2030020027747
2030020028014
2030020027472
2030020027468
2030020027836
2030020027783
2030020027497
2030020027433
2030020027461
2030020027920
2030020027503
2030020027514
2030020027416
2030020027475
2030020027581
2030020027951
2030020027604
2030020027708
2030020027700
2030020027934
2030020028033
2030020027775
2030020028005
2030020027447
2030020027757
2030020027611
2030020027362
2030020027941
2030020027882
2030020027666
2030020027587
2030020027843
2030020027482
2030020027796
2030020027557
2030020027463
2030020027692