5010010092038
5010010078203
5010010078214
5010010033913
5010010032903
5010010092057
5010010079641
5010010029967
5010010092040
5010010092151
5010010091915
5010010040872
5010010078309
5010010092128
5010010092177
5010010080058
5010010079632
5010010029792
5010010032599
5010010079431
5010010092160
5010010078291
5010010091972
5010010032335
5010010030692
5010010091946
5010010092065
5010010081086
5010010092079
5010010078895
5010010092108
5010010078804
5010010079442
5010010092015
5010010091942
5010010081016
5010010081126
5010010078792
5010010078888
5010010092018
5010010033798
5010010078302
5010010081000
5010010032292
5010010092053
5010010029923
5010010033790
5010010091958
5010010081076
5010010092101
5010010092042
5010010092091
5010010092063
5010010040838
5010010091950
5010010091931
5010010092121
5010010078810
5010010079633
5010010080993
5010010080934
5010010092017
5010010091961
5010010092153
5010010036274