5010010033803
5010010029885
2030020032365
2020050017212
5010010078201
5010010080074
5010010029957
5010010078229
5010010029964
5010010080066
5010010029748
5010010078891
5010010079432
5010010032847
5010010078748
5010010078217
5010010078252
2020050017185
5010010078741
5010010032863
5010010078285
5010010078294
5010010078849
5010010078207
5010010078183
2020050017220
5010010078703
5010010035178
5010010078859
5010010042495
5010010029933
2030020032375
5010010032907
5010010078840
5010010078307
5010010042506
5010010031949
2020050017197
5010010032474
5010010078728
5010010042578
5010010080059
5010010078292
2020050017207
5010010033804
5010010078839
5010010042535
5010010032865
2030020032369
5010010078823
5010010032856
5010010078753
2020050017208
5010010032857
5010010078204
5010010079430