5010010005623
5010010006158
5010010001459
5010010004598
5010010001586
5010010002956
5010010001757
5010010001606
5010010002505
5010010005182
5010010001559
5010010001558
5010010002074
5010010005867
5010010003092
5010010005286
5010010000661
5010010003041
5010010002767
5010010000659
5010010001198
5010010004619
5010010002541
5010010006386
5010010000537
5010010002493
5010010004679
5010010002642
5010010006057
5010010002856
5010010003227
5010010002730
5010010002762
5010010000516
5010010001708
5010010003070
5010010002853
5010010004979
5010010004848
5010010004753
5010010002318
5010010000776
5010010005883
5010010005834
5010010002259
5010010001825
5010010002792
5010010001607
5010010001576
5010010002825
5010010002721
5010010001540
5010010001816