2030020016280
2030020016451
2030020016273
2030020016504
2030020016438
2030020016133
2030020016222
2030020016315
5010010082391
2030020016236
2030020015994
5010010082355
2030020016358
2030020016319
2030020016226
2030020016031
2030020016314
2030020016041
2030020016243
2030020016445
2030020016476
5010010080931
2030020016211
2030020016290
2030020016492
2030020016260
2030020016477
2030020016464
2030020016343
5010010081002
2030020016549
2030020016515
2030020016035
2030020016355
2030020016171
2030020016418
2030020016333
2030020016367
2030020016390
5010010081114
2030020016521
2030020016009
2030020016070
2030020016147
2030020015975
2030020016403
2030020016567
5010010080953
2030020016191
2030020016181
2030020016416
2030020016498
2030020016039
2030020016486
2030020016065
2030020016026
2030020015973
5010010082379
2030020016233
2030020016267
2030020016441
2030020016011
2030020016134
2030020016509
2030020016064
5010010083340
2030020016409
2030020016232
2030020016054