2030020026970
2030020026802
2030020026794
2030020026894
5010010087414
2030020026972
2030020026940
2030020026843
2030020026966
2030020026955
2030020026810
2030020026885
2030020026988
2030020026906
2030020026786
2030020026796
2030020026809
2030020027016
2030020026774
2030020026804
2030020026855
2030020027003
2030020026793
2030020026791
2030020026897
2030020026986
2030020026968
2030020026860
2030020027020
2030020026856
5010010010521
2030020026964
2030020026865
2030020026785
2030020026963
2030020026852
2030020026821
2030020026842
2030020026760
2030020026845
2030020026882
2030020026965
2030020026837
2030020026930
2030020026918