5010010017240
5010010004263
5010010004160
5010010004283
5010010017227
5010010017103
5010010017204
5010010017055
5010010017092
5010010016780
5010010017905
5010010017854
5010010017264
5010010016833
5010010004206
5010010017888
5010010017846
5010010017851
5010010008163
5010010006213
5010010017156
5010010017236
5010010000728
5010010004218
5010010017307
5010010004192
5010010017201
5010010017312
5010010017150
5010010017832
5010010017238
5010010017235
5010010017838
5010010017892
5010010004179
5010010017108
5010010017058
5010010017894
5010010016786
5010010017012
5010010016805
5010010016813
5010010017161
5010010017917
5010010002188
5010010017132
5010010017303
5010010016823
5010010004152
5010010017891
5010010004175
5010010017202
5010010017305
5010010017102
5010010016820
5010010017336
5010010007232
5010010016793
5010010004253
5010010016789
5010010016835
5010010017833
5010010017817
5010010004019
5010010017904
5010010017037
5010010017933
5010010004282
5010010017229
5010010017821
5010010022770
5010010017810
5010010004576
5010010017008
5010010004150
5010010017321
5010010017910
5010010017261
5010010017900
5010010017036
5010010017275
5010010016807
5010010004178
5010010017258
5010010017120
5010010017844
5010010017152
5010010017225
5010010022769
5010010017223
5010010017145
5010010017268
5010010017915
5010010017250
5010010017177
5010010017023
5010010004281
5010010004280
5010010017295
5010010017927
5010010017936
5010010002191