5010010089055
5010010089793
5010010091673
5010010091637
5010010089838
5010010079667
5010010087976
5010010089020
5010010091693
5010010089799
5010010089073
5010010089859
5010010091712
5010010091838
5010010089092
5010010091253
5010010079567
5010010089082
5010010089833
5010010091716
5010010091704
5010010091195
5010010089072
5010010091275
5010010091265
5010010090217
5010010089301
5010010089038
5010010088000
5010010091695
5010010089541
5010010091191
5010010091684
5010010091208
5010010079575
5010010091614
5010010090212
5010010087917
5010010090172
5010010091587
5010010090179
5010010089825
5010010088052
5010010089845
5010010090229
5010010091853
5010010091299
5010010089540
5010010091263
5010010091778
5010010091904
5010010089012
5010010079551
5010010079701
5010010091780
5010010089027
5010010088048
5010010089567
5010010091765
5010010091049
5010010091548
5010010089091
5010010091648
5010010087911
5010010091886
5010010091332
5010010091893
5010010079668
5010010091797
5010010091726
5010010089300
5010010090205
5010010091895
5010010089322
5010010089791
5010010091773
5010010087882
5010010090200
5010010089303
5010010087945
5010010091661
5010010033864
5010010089327
5010010091829
5010010088984
5010010091690
5010010091701
5010010089806
5010010091715
5010010089875
5010010089057
5010010091743
5010010091688
5010010091742
5010010090206
5010010089008
5010010089533
5010010091211
5010010089302
5010010091873
5010010089854
5010010088056
5010010089034
5010010091786
5010010091618
5010010091667
5010010089864
5010010089316
5010010089861
5010010087902
5010010079628
5010010079629
5010010091240
5010010089296
5010010090181
5010010089821
5010010091827
5010010091626
5010010091559
5010010089136
5010010089537
5010010089287
5010010089774
5010010091891
5010010089284
5010010091231
5010010091821
5010010091680
5010010091301
5010010091289
5010010091670
5010010087907
5010010089042
5010010079702
5010010090235
5010010091624
5010010091875
5010010089097
5010010089113
5010010091597
5010010091730
5010010087924
5010010089530
5010010089820
5010010089823
5010010079591
5010010088995
5010010091785
5010010089842
5010010091849
5010010089872
5010010091884
5010010091910
5010010091619
5010010090162
5010010033906
5010010089547
5010010089829
5010010091850
5010010088973
5010010091833
5010010091644
5010010090183
5010010090811
5010010091213
5010010089775
5010010088079
5010010091798
5010010090198
5010010033766