5010010086916
5010010088085
5010010086704
5010010086638
5010010086936
5010010086640
5010010087875
5010010088053
5010010086720
5010010084151
5010010087530
5010010088065
5010010086968
5010010084144
5010010086600
5010010088110
5010010086726
5010010084112
5010010084105
5010010086913
5010010086614
5010010086627
5010010087340
5010010087862
5010010086953
5010010087944
5010010086591
5010010084078
5010010087930
5010010086569
5010010087699
5010010087315
5010010087513
5010010086740
5010010084121
5010010086899
5010010086608
5010010084090
5010010084084
5010010088117
5010010087971
5010010086644
5010010087919
5010010084097
5010010084140
5010010086658
5010010086621
5010010084153
5010010087723
5010010087098
5010010084131
5010010086781
5010010087524
5010010087311
5010010084147
5010010087112
5010010084137
5010010087977
5010010086636
5010010084133
5010010084138
5010010087117
5010010087872
5010010086905
5010010087935
5010010084088
5010010086714
5010010084148