5010010078847
5010010079711
5010010077165
5010010079558
5010010078075
5010010079638
5010010079104
5010010086708
5010010079634
5010010079200
5010010079182
5010010079639
5010010079528
5010010079525
5010010079505
5010010079195
5010010079165
5010010078104
5010010077087
5010010079095
5010010079672
5010010078934
5010010079157
5010010079071
5010010086685
5010010079064
5010010079736
5010010078914
5010010079545
5010010079691
5010010078960
5010010082201
5010010086828
5010010079536
5010010086929
5010010079690
5010010077136
5010010086931
5010010086566
5010010086639
5010010086792
5010010079511
5010010079503
5010010079176
5010010086786
5010010078912
5010010082204
5010010082196
5010010086959
5010010077100
5010010079680
5010010086761
5010010078911
5010010077092
5010010086776
5010010079161
5010010077137
5010010086952
5010010086857
5010010086966
5010010079078
5010010079098
5010010086834
5010010079670
5010010079090
5010010077084
5010010078718
5010010079498
5010010077123
5010010086759
5010010086785
5010010078977
5010010079141
5010010079621
5010010079752
5010010086709
5010010086755
5010010086825
5010010078993
5010010079650
5010010077177
5010010086821
5010010086962
5010010078946
5010010079557
5010010079203
5010010079749
5010010079262
5010010079220
5010010086827
5010010086631
5010010086804
5010010086838
5010010078957
5010010079138
5010010079139
5010010079909
5010010079614
5010010079113
5010010079177
5010010079762
5010010077217
5010010079153
5010010079156
2030020026854
5010010077185
5010010077130
5010010077140
5010010077214
5010010079137
5010010079507
5010010032217
5010010079595
5010010079061
5010010086892
5010010084079
5010010078749
5010010086835
5010010079225
5010010086653
5010010077207
5010010079527
5010010079519
5010010079538
5010010086937
5010010079107
5010010079530
5010010079710
5010010079132
5010010082170
5010010079185
5010010077200
5010010079734
5010010079214
5010010086737
5010010079135
5010010086652
5010010078967
5010010079716
5010010086852
5010010078915
5010010086812
2030020026777