5010010033167
5010010094965
2020050019052
5010010088291
2020050019015
5010010032025
5010010088748
5010010031552
2020050018895
5010010032810
5010010088816
2020050019087
5010010088585
2020050018858
5010010031973
2020050018945
2020050018990
5010010031958
5010010095233
5010010088770
5010010088890
5010010095206
5010010086562
5010010033112
5010010088201
2020050018998
5010010088360
2030020029721
5010010032635
5010010088925
5010010088376
5010010088810
5010010088254
5010010086521
2020050018844
2020050019185
5010010088828
5010010088630
5010010095279
2020050019047
5010010095240
5010010088928
2020050018906
2020050019027
2020050018890
5010010095234
2020050019184
5010010095253
5010010088935
5010010095293
2030020024585
5010010033155
2020050018981
5010010032655
5010010088266
5010010088278
5010010033143
5010010094980
5010010088753
5010010088887
2020050019202
2020050019046
2020050019121
2020050019081
5010010032618
2020050018922
5010010032014