5010010083415
5010010082933
5010010083991
5010010082914
5010010080227
5010010083621
5010010080149
5010010082891
5010010083440
5010010083025
5010010083513
5010010083592
5010010081037
5010010082963
5010010083612
5010010083978
5010010083524
5010010083586
5010010083393
5010010082612
5010010083581
5010010083488
5010010083495
5010010080251
5010010082674
5010010082785
5010010081041
5010010083666
5010010083553
5010010083486
5010010083517
5010010080250
5010010082693
5010010082670
5010010083499
5010010083620
5010010083657
5010010080140
5010010080246
5010010083346
5010010083660
5010010080245
5010010083585
5010010083458
5010010082912
5010010082814
5010010083601
5010010083618