2020050002595
2020050005198
2020050002513
9000000003537
5010010009319
2030020025575
2030020024692
2020050003135
2020050003179
2020050006035
2020050004343
5010010009376
2020050003018
2020050003779
2020050003707
2020050005889
5010010009168
5010010009174
2020050003005
2020050005945
2020050003563
2020050002695
2030020025217
2020050006476
5010010009178
2020050002752
2020050003837
2020050006318
2020050003392
2030020025214
2030020025125
5010010009210
2020050006267
2020050002646
2020050002905
2020050004514
2020050003094
2020050005995
2020050005122
2020050002520
2020050006073
2020050003514
5010010009546
2020050003710
2020050003096
2020050006249
2030020024799
2030020025334
2020050004486
5010010009172
2030020029694
2020050003844
2020050002526
2020050004186
5010010009473
2020050003021
2020050003219
2020050004331
2020050003045
5010010009592
2020050003231
2020050005873
2020050003529
2020050004027
2030020026757
2030020025148
2020050003945
2030020025425
2020050006554
2020050005690
2030020025328
2020050006374
2030020024438
2030020025589
5010010009198
2020050006234
2020050006160
2020050004422
2030020025610
2020050002576
2020050006455
9000000003455
2030020025413
2020050003761
2030020024903
2020050003517
2020050003101
2020050006421
2020050006098
2030020025052
2020050004347
2020050002909
2020050004550
2020050006289
2020050003686
2030020024956
2020050005834
5010010009297
2030020025380
2020050004291
2020050004307
2020050003549
2020050003986
5010010009532
2020050003724
2020050006534
2030020025657
2020050006520
2030020025473
2020050003104
2030020024588
2020050004438
2020050005111
2020050006210
9000000003584
2020050004182
2020050006417
2030020025140
2020050006391
2020050003681
2020050006341
2020050005188
2020050006327
2030020024943
2020050003841
2020050005149
2020050003593
2030020024439
2020050003646
2020050006434
8000000001715
2020050003655
2020050002587
2020050005972
2020050003397
2020050004405
5010010009312
2020050003162
5010010009488
2030020024767
2020050006239