2020010024906
2020010026471
2020010025628
2020010022704
2020010024902
2020010025612
2020010026598
2020010024085
2020010026302
2020010025255
2020010024750
2020010005229
2020010024594
2020010023680
2020010010404
2020010026271
2020010025844
2020010025843
2020010015138
2020010015002
2020010025951
2020010026654
2020010011943
2020010026661
2020010025545
2020010025027
2020010012577
2020010024749
2020010010252
2020010025190
2020010025983
2020010025996
2020010012154
2020010024690
2020010023013
2020010012491
2020010026017
2020010014190
2020010015097
2020010022963
2020010026037
2020010015248
2020010012139
2020010024832
2020010026146
2020010022826
2020010010588
2020010014954