9000000004414
2020010004271
9000000001623
9000000004680
9000000002858
9000000000511
9000000007991
9000000008361
9000000008720
2020010006584
2020010024013
9000000000779
9000000001208
9000000000280
9000000004024
9000000000290
9000000007959
9000000008009
2020010006381
2020010004907
2020010007978
9000000000861
2020010004223
9000000000147
9000000001517
2020010001574
9000000003130
9000000003225
9000000003644
9000000001001
2020010006305
9000000001230
9000000002993
2020010000404
9000000004394
9000000003180
9000000000317
9000000000436
2020010004519
9000000004180
9000000001510
9000000001265
2020010000886
2020010009109
9000000000764
9000000002972
9000000002481
9000000002515
9000000004438
9000000003251
2020010008935
2020010005449
9000000001790
9000000001614
2020010006863
2020010004068
9000000002918
2020010006878
2020010005803
2020010007064
2020010006145
2020010026022
2020010005133
9000000001648
2020010009377
9000000000426
2020010005263
2020010005744
2020010006900
2020010007755
9000000002994
9000000002946
2020010000060
2020010009160
2020010008166
9000000000037
9000000001462
9000000001193
2020010006304
2020010008648
9000000002784
9000000000110
9000000004779
9000000005046
2020010000015
9000000004668
9000000004465
9000000000391
9000000004536
2020010001290
9000000003840
9000000004585
9000000003371
9000000004236
9000000000897
9000000005137
2020010004207
9000000002560
2020010001546
2020010004310
2020010001143
2020010000939
9000000001655
9000000000598
2020010006398
2020010006069
9000000000930
2020010001589
2020010000773
9000000008335
2020010000524
9000000001401
2020010007876
9000000001127
9000000003036
9000000002898
9000000002695
9000000004453
2020010007035