5010010078867
2020050015640
2020050016138
2020050014271
2020050018837
2020050018430
2020050015423
2020050015914
2020050015317
2020050018710
2020050015290
2020050015023
5010010079803
2020050018375
2020050015272
2020050014551
2020050016409
2020050014323
2020050014573
2020050015016
2020050015159
2030020025428
2020050018438
2030020025470
2020050015401
2020050014958
5010010086989
2030020025656
2020050018592
5010010076957
2020050016274
2020050016735
2020050018737
2020050018424
2020050018680
2020050016563
2020050018683
2020050018418
5010010076946
5010010077036
2020050015912
2020050014609
2020050015851
2020050015491
2020050015931
2020050015050
2020050016327
2020050016144
2020050014974
5010010033279
2020050015093
2020050015938
2020050015362
2020050018766
5010010086986
2020050016595
2020050018445
2020050015760
2020050015394
2020050015101
2020050016378
2020050016318
2020050016165
2020050014716
2020050018727
2020050018269
2020050015712
2030020024884
2020050018334
