2020010020737
2020010002740
9000000003037
2020010023465
2020010025250
2020010022185
2020010020636
2020010025676
2020010022418
2020010027881
2020010022242
2020010020437
2020010023279
2020010025281
2020010002357
2020010020306
2020010001971
2020010023548
2020010009303
9000000012834
2020010015148
2020010002089
2020010022772
2020010002373
9000000003229
2020010023982
2020010008978
2020010026827
2020010020384
2020010001948
2020010022432
2020010003523
2020010007632
2020010027571
2020010020494
2020010025117
2020010003560
2020010008284
2020010022453
2020010022106
2020010022310
2020010008982
2020010023457
2020010003173
2020010014779
2020010002575
2020010013208
2020010027927
2020010020761
2020010002013
2020010023125
2020010013577
2020010020594
2020010009070
2020010025479
2020010023435
2020010026547
2020010002457
2020010020066
2020010020857
2020010022550
2020010020145
2020010023161
2020010012894
2020010003445
9000000013590
2020010008974
2020010020222
2020010013867
2020010002705
2020010013790
2020010003286
2020010002680
2020010020710
2020010020560
9000000000543
2020010013442
2020010024679
2020010000774
2020010003477
2020010025358
2020010020782
2020010023991
2020010023967
2020010022010
2020010009233
2020010023622
2020010022363
2020010013792
2020010008946
2020010012675
2020010022494
2020010025264
2020010014015
2020010020488
2020010003282
2020010025379
2020010025342
2020010014177
2020010002945
2020010007996
2020010022729
2020010003021
2020010027848
2020010002847
2020010024011
2020010025320
2020010023273
9000000002448
2020010001697
2020010013729
2020010025217
2020010023506
2020010009378
2020010021894
2020010025610
2020010002617
2020010022939
2020010022716
2020010020863
2020010026539
9000000013020
9000000003186